"x"
0.103936974430087
10.7758320556641
8.71115192961853
2.91839999728805
67.0171873310219
0.355320482291268
6.85579303169851
22.6302522025167
7.41113555413644
0.0839931247964449
2.43230905796434
2.89105429535506
0.990899704837831
3.40131839711814
0.526014476418479
2.69516830874077
2.71469871187803
0.00677446346878556
5.78172356882087
0.399065494543317
1.71858913436526
6.70057745195024
0.898283744454427
11.4399354536591
15.0985559638083
4.49930797979833
0.000192366605997464
14.055991353871
1.28766808998738
39.8325083063378
25.8644259407283
0.477575139893588
0.00691605825573244
1.08871596270207
1.06236906290057
0.0630364244118344
2.56943837099666
12.1728927168907
0.137979781939108
9.01378945756542
3.32623771283767
13.5580822718156
2.61541780615004
13.2007060306684
7.58324663124077
3.10308523867137
3.92505650884064
15.3314404143108
0.949839639812686
6.46225180510437
5.37623926391605
0.217613366545762
13.1094734401761
5.59536155653584
9.27036727380913
5.75759204858687
1.14569427833557
22.6156556605712
0.366425390197353
0.549592727571743
1.20091312065716
11.2620625159277
0.551413207091374
2.19068907203673
19.8666401101963
64.5816083590997
69.9738376722393
2.34694395966685
1.50690309806017
0.797434610904782
4.11427146649951
7.34143390900048
55.0011261846783
2.01238398406648
10.178234047419
32.6779703098294
1.65812463635353
18.3779880283418
8.59571922693265
0.439885341562331
2.74610048633209
3.16176324472427
18.117326698303
8.84409660226253
0.611057485491073
25.249201924348
17.3036195879117
0.0261628255620525
23.1410558806005
120.345265542521
2.59855029687882
4.26960093646652
15.2961291545167
0.13175340280533
2.69857221622617
21.0965617789163
2.24503326155102
0.0373911524549047
11.4130563817039
16.53494499979
19.157761402154
2.45163651859911
23.3403632242442
1.50394653812045
2.5336346420779
11.2003793194831
0.0043390653193015
5.52015369165085
2.6659211944356
6.08748399496673
115.021330850625
2.18031972963958
0.363631671740139
3.24043067837361
0.000350693286956038
7.66222541932004
2.34510041773319
0.706350785547483
4.72965861869443
6.12737140131137
4.21634989324957
0.751527292877475
0.0603388368844863
4.9735533417701
1.96683505011194
0.518234778791633
8.55236896219256
1.94055238809578
18.5066641533511
0.467978246265659
0.0363243954792645
21.6881788279428
71.9346039894598
42.1858495645762
1.68499224060925
0.00047218144088865
11.7607887137308
0.298562458044313
20.7939785173474
3.49080324563988
5.27593197287459
18.7628989988566
5.23357218363277
0.350181642831857
1.86428155843168
1.06991901401426
2.5521622582436
0.339875336074808
5.76478810401124
0.0235767927706193
6.40377251458326
0.262732580007585
9.74393905451302
0.540320109166188
10.4751550766244
16.0015723042502
2.36149701309792
0.0324360451757859
1.12218486968423
35.6865495443714
12.0550942441838
0.840908253528157
14.6929502061738
0.301338275724642
2.28238252896215
8.20681913979191
7.21974333574776
6.9388833327427
7.30404068970826
0.200754753208158
0.25218247690199
4.40508974648124
50.9271268396512
1.71245634568989e-07
0.501707289367914
46.9578269592282
3.01368243751517
1.33478364054119
2.71679888620382
0.278073406511528
44.2191068766131
2.3450256443023
0.0574126525878841
1.29033459098482
6.20650902844078
1.13798785691856
2.75173504758484
0.0752983880773299
0.241466905774203
28.2578677263798
4.05890178018955
1.2049055201426
5.15573789062498
5.44434380471868
2.00925433993481
4.81302109971648
48.3499365675823
3.2870814282075
14.7178068587841
0.0294923601388869
0.155260241180649
0.00235660943985184
21.2117029312864
7.82306286835823
2.68668594598774
28.1259702481644
0.528805210882448
4.00232944060714
1.67120003759867
4.05722469997992
2.26903177528973
0.536912186695615
11.0015625917675
6.78444784555446
0.835418760897186
11.2730029793738
0.0119631576552927
1.90553556962165
11.2962126867832
0.110484825992581
5.84568742290139
0.405070404948303
3.52015832081433
0.127044558674089
1.21294514932636
1.05098287959247
14.2518415786983
0.672093736054033
37.9432990583195
18.8471192899718
27.0186126292122
18.4278409033357
4.52999676857003
16.9934764504433
0.326376771950727
6.4204643653051
15.5892429295554
0.108981387270996
2.51570887300962
0.0956630466520955
0.00519659357667035
12.8360555771826
0.0131641448751134
10.4012785136832
0.735226698929025
2.54012466502794
9.15348331643487
2.78070688070199
6.39186659271859
18.9087388309481
0.647325530648232
2.08718193326139
5.65276164839263
7.11857834815967
0.00207807769775328
0.211228434742962
10.5437589308158
0.474314348353464
11.8979436734336
12.8761215101494
2.59300413156149
0.610458378696452
5.35282900908002
4.21812973976126
14.3884084690153
5.8591712750331
3.59081681209958
2.01463925173285
3.83047301027915
1.88905763698968
6.48707592988167
2.53691166880129
4.06177968981268
6.83428646814982
4.33234344606998
8.69141222536564
44.4805466079723
3.54708391792916
0.0552192628443252
1.90140264516475
3.66785619170805
0.324472918762282
46.1256859733167
0.388739767922444
3.65164947135601
0.151168325638778
5.66629439664495
10.5974806964768
2.01591121126562
9.98385652142164
22.7209908584492
12.9662058208523
34.6002733933985
4.26130142900952
16.8933542957441
0.653977841860016
0.275509655624616
0.603219959884882
66.0035055001396
103.90865671351
12.1868150854349
1.61894248956593
1.30773407464625
0.287464571595216
0.153291557981085
0.774962992912547
3.34146975097665
0.690869007481601
0.0112134449243541
33.6941843989865
8.2598844199239
3.3150576617777
3.87535654640345
17.1217751446011
1.06295797949432
11.1457925373688
7.99002144098879
1.14427052111769
2.87437006706146
30.491818020238
0.70154733985816
9.52204592285172
7.04319246675954
15.0903986430704
17.5829729221406
5.86011093924041
2.40748634923846
6.3098042467609
34.2847988343236
13.5739984888449
2.15913463804716
9.70523281869904
10.8843288635254
32.5876105570811
11.4484092808009
0.0149214336633732
5.59270535874972
8.38241742843542
17.6489527958168
61.9959775085505
8.66143868658531
0.0982966396868143
7.8931228880943
18.191891053772
0.0185058958545377
593.575004981532
2.03322812864783
0.967677602028851
1.35325734732157
5.45587975044398
15.9780348874629
2.71354838600161
2.35953150587679
0.686877146317087
0.0750139347076528
0.355367053164572
11.7677473402261
40.1896564697265
5.07450967762624
17.3059148451818
0.640615382231772
16.1436903079764
13.2720751480104
1.92776208114768
5.75840636024479
0.488787372261254
1.60949115850921
1.95732464404262
7.40009345626983
1.51842742715025
0.54317007959034
3.58639077830903
72.8834870392086
10.499807049586
13.9226091640054
3.69328915311251
6.4431381768121
7.6639082511008
0.022084818901127
26.4003410598767
0.266258267582934
0.676435969842937
9.57807294846176
42.2094164886533
7.95797763782146
9.12934569837019
0.146101810969412
16.5124667775168
46.0105032398715
68.7214486827987
2.78776666789646
0.730757836914039
14.7134425515175
71.0054949148907
14.2435385398878
0.870881742531031
1.52631365854889
22.4042518450318
1.23510375619254e-05
27.2726447461185
0.367488740736254
4.14103620820634
1.55394545681631
5.85375933094169
4.44426821780361
1.97143606668858
116.332076541001
0.00429863348603398
4.99931824541694
0.00408494496941683
1.24187245059159
1.27162238353641
0.00682701165825354
6.54825733931226
3.63696373630158
88.6114726139601
39.0938936341536
0.0710809493794928
2.83482086205634
34.2885871723669
3.08131053450106
1.0860937203407
16.8322991383212
7.94397527933134
6.30489908251911
19.3937774153486
3.79691294246323
2.4455965840876
14.3277682422416
0.975845886045685
5.20135061388615
3.81340991392723
1.48645566469579
11.5533520302788
2.32358144277485
0.083502091890588
3.38016663480409
0.000766354328392551
3.47875319387923
75.6104762211818
2.25230772033327
0.032003078609705
0.437007825113863
11.4295745604172
16.7887559837239
7.32585060892119
27.624622366929
0.0216307540074018
5.14925955433996
0.416837945580482
0.00234489077478581
5.15466250420214
1.43727375251199
0.41450207986834
9.04546009361909
5.00373537218718
12.0753620009438
1.28282998896991
3.82539544487592
35.2371220543443
3.61689635687477
6.99823364596948
4.89458909723908
11.558207100773
19.6452599165498
6.42967890635121
3.96620449914939
3.13593860263978
60.7339388420341
0.752706629826132
16.5488861963509
31.1315640061513
0.93519429642108
0.161784243589641
11.185505513622
1.26388701064734
0.260442519916585
11.4169661999123
92.513518055262
0.957676786674564
10.7638620212138
3.06285889723295
43.5734395130218
6.29703640768523
2.24241119485489
3.65332919187703
0.36184219446179
0.319966164566589
0.0166420078277529
22.7411511996761
0.856702548517312
10.6133502388014
13.8075655352011
13.7557410888089
12.8792755100742
5.41312027215963
2.15566343023782
26.8472237264869
0.931891855181723
8.83077133927501
0.0313102484121838
3.59413928575657
68.797993143088
0.663739590668686
4.32469391822815
5.04803037359722
0.00689840555190851
0.0708903625547971
19.4679802243771
14.2441098146573
34.2980231881512
0.0706818563476314
1.3060985332728
28.9781661897244
4.96932915687566
2.08747116710101
7.87360722756532
0.617526993156927
18.6818007425801
1.28531709695456
9.19356882057182
28.6810847568643
2.24204561691872
1.20721132540853
4.81186425095198
3.97367626428604
0.144606030470148
28.2992699107659
43.7287079578635
70.7955233604085
0.0431860351562453
2.41123803330806
3.52087292867301
0.157651261621728
2.60906095564373
3.4013319049417
1.471841089131
6.81827593529377
2.72503440302753
25.2462332232061
3.69239775009312
2.16257991621492
31.9907198800578
7.98895181687041
2.50848446223881
4.89706860714547
5.87860631340888
7.54825317610652
21.0698593873159
0.0959441550314398
19.5083857823744
15.7783608147874
33.9392578122157
0.241705702996252
25.5116490137637
18.0272181737482
0.10796903920768
18.5554291179315
5.14397571791558
0.0172230379000258
17.6425943336623
10.0165218507186
0.319945449978139
37.8980914422037
0.199088949686311
9.17997534066571
2.24881363298885
3.48347684669638
3.63071811735626
0.106277432622005
0.438139922195667
0.379774594189246
7.54726049280318
0.589056249999976
11.1498193525686
3.00440353746568
10.4256227294342
0.0921083970129642
18.9726282479898
7.44211320759221
6.74003234503282
1.53825700376183
0.0040623506441695
5.06313173357392
27.9176141707434
6.84982538219503e-05
0.279908420564215
16.3470867973579
7.37934704811708
2.27512590909598
1.63445862322454
16.7990611063376
17.1512861709833
0.693235118961376
2.36342580566403
36.7348154069485
0.00205720713138642
0.711234445720949
3.60309632134593
1.76726710064563
1.60758378241067
48.5987520547643
2.86819776911885
5.24158443260798
0.966383558465514
0.406533884531291
29.4072661113977
0.00708848065286798
0.309908583664886
0.0675993652358746
34.9393697321546
0.680445751549259
35.7128211097957
0.00233827496915924
0.459201448970996
11.6075708121432
14.4984971122159
5.88673645029064
12.8889677148
20.8521998216869
9.69610044157651
3.6226514459028
0.0582133428812038
0.00360410273074831
22.0847334682361
8.08031979575753
3.74906878967435
12.0040087204517
13.8906982441679
41.8244352150334
22.9281750786842
4.3973250384867
1.71888679940849
5.33996385837949
1.66556479973944
1.85950443488513
2.32706980440623
0.0241663572207178
1.1134989762306
0.372190850271282
91.743728933515
1.16600716198835
13.3259666561499
0.879428178048087
14.2450312497154
1.56125513086317
27.0745676813187
0.839060025395482
18.786912460476
1.1653086538375
13.5194366958754
4.70889470214987
6.09324395614269
16.5037178044931
15.7722906070965
85.5603546277057
23.4984929449319
9.90588794016983
66.1087501648802
0.186660493971411
15.1792706635607
0.0195719826757927
0.538184864336292
0.661928831113908
2.12638839447645
11.1009192219318
1.21157424216868
40.8788683402912
18.995881675078
23.3168619293346
0.590954040741917
11.7413807602465
16.7821643648206
0.798350539328125
0.918237447762481
2.52210224319094
2.58007043466567
9.58183609488008
11.739883356823
19.4404564640583
1.21483073963074
0.991332340484839
2.20047092437744
33.4728210158961
7.01369099665295
0.616098517233144
1.91016558771731
0.133591499270494
18.1741723175585
4.05703291523612
0.00825431693941396
15.5858885790243
0.190658233465278
31.2959116829929
6.63301413118851
1.51358774904167
4.55828233660598
1.56855443764324
29.8638367787021
0.130017816676209
9.43754100337611
6.75071022500995
0.596807172717126
1.78671258697512
1.76202938962584
9.53264871215972
14.8418032776251
1.87117485594903
0.203792950846245
52.2179480922282
3.12306815065287
1.64138260617846
7.16737866294523
0.882127274328483
32.2574357378542
0.139977553582185
0.807881026305238
101.166566083932
1.29498676723392
3.91144774342919
5.60303920127293
17.0826819031
9.72203361749635
36.4228015429393
6.67617408771663
4.11206314096447
0.00842935583591712
14.8785734391211
17.7147376868739
3.63591156473162
64.8986600360285
33.2659290241613
16.046547476901
0.189791475571702
0.527495802307089
9.78269177629938
0.727028925718414
6.65373586232804
1.02086454749704
5.94408446922898
1.08228057577607
0.38430918505191
1.60869834539884
5.7126251585542
7.51526137740747
17.3909056486501
18.3233219126003
2.43253751833587
5.2728313356638
0.577594433607185
19.1014879220067
18.6341345387234
17.7282218460576
1.00996366059928
14.4563234581962
9.96217605763066
2.83422896976625
5.20529906485225
7.19720781970631
1.45432647276526
1.39504876825958
3.36374495480201
2.55220906164655
0.0336349868774372
0.00656096044927467
20.8407073139564
3.02293744102124
0.141955647617579
6.19559012704501
0.265170937813842
1.69035231328158
4.87012485504145
5.54023100624089
0.375941725410535
20.796249693781
0.445512250842175
29.3693475424663
0.0335893318712661
3.38240680797246
5.09159502852119
4.43288043100984
5.44452039957036
9.44363960362834
0.0012217550814139
2.53324604870222
3.1760182457923
18.2153801140321
0.386279244327537
27.0969049072268
29.8800225160183
7.4017671799079
25.7250304533543
111.22107178331
1.42116841864739
4.03547871485353
22.610129480101
1.00411800030621
0.67852384092807
1.54732098012571
6.7863048368693
4.83599936220805
3.79538126459119
3.5085423891306
8.9553777128458
1.12239695305976
0.0024146810546495
9.73000537891538
8.22619003150612
12.5596349002422
4.29717919466506
71.3783444505348
0.0694778038561224
2.62624734646229
2.77207459920796
3.76749426856646
3.71755304040907
0.916853003525743
34.8074504861367
9.37947449591143
2.08748880395887
0.00735570055395053
13.7505621927516
0.283710976912103
1.8465532088816
5.86415412750231
1.72330679358386
14.5953658733429
2.51142018165597
50.8463003368614
0.0420725598350195
40.1967918545377
0.11874216041564
11.9472336025774
0.221173180109275
0.000110927796363304
6.04606386438018
4.37493497146513
9.66369662586585
0.388353227199591
10.9492483371735
33.7130210283341
1.04646756096033
0.36065654907229
4.46658710790287
22.1017630401625
37.9154075707438
2.42466183544539
9.51135115072729
1.65122186279445
12.5989554494632
1.92233892211917
12.9595517616882
0.010419594706594
0.00500117613226304
0.0332372245207528
1.53705209959895
0.281028115190566
0.856955656112781
15.4569341303409
34.7688446910444
21.5509814778343
20.1028865728156
13.7228192064777
14.5178301785051
4.07073970880519
10.8448250234263
6.31500580330043
6.25936629944435
40.4881169773101
4.05952647047637
7.59936366178979
7.29131841897958
0.0988370133176575
0.532755649425106
21.2769693074241
3.68201380548468
6.51496336388729
1.64300948753953
0.470439921146597
15.1157979232683
0.0519397008478631
1.32758948189173
16.4565609510675
8.16041658307455
1.21233755365012
0.00134208816438797
0.312373467260604
41.8087897625211
0.273957424952092
0.755403304101574
0.436381844653162
3.14815972316408
15.4176821677746
14.2572338593142
0.358276481872786
1.37929139886057
22.3056266727982
0.19119268655777
5.85002678368246
3.88756892696027
13.6925474817814
23.8608875084161
2.39444645777338
3.71637161079803
0.00160371308922822
24.0872106549755
0.0141117114201161
72.0571564403187
0.142840998353052
11.1110649957075
2.50470034509296
2.29106211877469
1.27460296268609
0.256113585954879
46.0374508138239
6.561933897771
20.782101394774
2.99560796089314
9.75360477533357
2.23338649425649
1.62742469215991
6.48677124176015
34.2796241598191
5.58291175311951
6.56815807580936
31.4280681461334
2.19888495898847
13.659999120368
17.7684169499294
1.38534509184362
14.4434142642973
4.74534529581656
3.93474102079859
0.534864037765549
1.76539490213396
0.519523850633184
43.9194361841098
20.9170451721194
17.1506289709226
17.7752097660316
4.52501494717739
0.642770570112769
8.43664216041558
0.0813600414335831
10.1900922088861
1.5436606479645
90.3419154808583
0.420439530014962
1.15391707438383
1.03165035839227
0.656709223389644
4.84524898095276
0.0643605683386187
18.7657015407458
38.9217121678962
9.82426837924868
11.3235207538843
29.774114281477
0.471904595947269
0.201399570359302
5.54313337261819
1.51356071665283
5.1173707816661
1.57038039451988
0.00594999805092636
12.106109852673
7.57647129058825
8.25857938292024
0.35031457061915
19.2772341553702
0.646722639872167
5.85520069617174
5.63036660686125
5.59359453735363
6.39248384739303
0.74042537663128
0.361589641594892
2.36138446197509
0.0188214149609246
23.1083474876641
0.162076026798807
2.51870693450572
8.0675969985963
0.46852287027833
37.4497981882333
4.55727639213209
0.39885268881323
8.5542111179889
24.3488035488189
49.8660442252696
22.5616534503237
3.64498572351934
41.3725806325092
0.741513980819281
12.1150393114151
21.8452398814261
0.429644083036464
9.62322647167588
194.663195405728
28.5504066598552
0.0250154845252604
8.31488763580328
0.00402168393283736
7.67814198386808
2.63054978991154
5.63595250611898
5.30108465804015
3.3617213547363
15.2388256562293
10.3055185302629
1.02848863507661
4.27662097070357
0.211400144869093
1.45938904955383
11.2272850558533
1.21307959371213
26.2104876459854
4.66675495428004
1.05328427339194
1.41739314175998
35.5676535892724
0.178416521288455
2.21743436995894
2.11770353336484
0.093540996766089
2.55351973116401
4.01928588602701
0.989534362560515
1.25544748420867
8.84898359661694
0.0992834558725529
1.4769043628111
12.1011749996243
15.7209152359008
0.177777728475611
9.31041708905845
5.61224312871857
0.150024778546372
3.90686687498695
58.4720836168524
11.7730660893932
4.42902095418561
1.10218984115276
10.4162204414606
2.32330233802797
0.31692556691763
0.432795982123917
12.2508630523099
2.92877347231051
0.000526666641235352
5.11462629172946
11.8748638389243
0.0686092075347757
0.00660136413722935
0.446526412548104
13.8614143458737
2.96719128706461
9.31431356268522
8.65423349297198
0.0214941656649119
7.3587489724533
11.0595786615148
17.5613174285949
9.74807003021835
0.139721913552294
3.68510167683517
0.650580480731987
5.31583346430202
9.45768962685012
0.0245186970770444
2.04994791120432
16.1653370469348
1.3978386011183
0.618757381534562
16.9824478286744
6.05885124313988
5.55963668633094
0.457764896823438
2.64197801751053
26.241456978059
0.451363526916531
0.0193000335231367
20.6383321482555
3.35149627937224
65.5308234620465
12.4350503096357
23.0403046885072
9.34156693160666
6.02183561459195
2.1555666493908
2.0863566688314
1.72594547730081
2.77714169223458
1.78336918993148
1.53826305974871
1.42599807083762
0.00258940845131712
6.60928026700611
2.54117925084985
0.0390289156451884
8.9195555664062
18.2857398635166
7.36784489441525
30.7993294272956
10.2736917302029
27.7021166667954
13.3072841322185
0.960072244764873
1.15891848092674
19.6557901977314
0.00497513938545892
0.743567268849956
8.52580118238913
7.51019573214052
2.81324864108711
0.0070054774820835
3.02769345775239
0.732702144922304
6.56752614027413
32.0000276050108
14.3447493925331
0.108544187599416
36.1214792612134
4.93082300281672
0.0267313718333885
0.504549050153818
1.50624683261513
1.3556497493327
1.90369591469917
0.112880250549303
6.42256784224663
1.23311102274808
28.8814399391413
3.99388905451297
14.5830473486797
40.4938494973196
2.91150151449585
6.59877759132396
0.00593475383668858
15.6873723084346
0.0489780339732877
1.41493522496378
0.520906146621701
8.02654193124763
31.2208792461292
10.2552165862457
0.95943125027564
0.100783772005135
7.17692457908537
14.4040263390539
0.00190627319961707
13.3896853210033
6.69185910964613
15.2039925366657
22.1215894104003
1.28188999743605
1.19224166466149
3.28828993151191
0.0115691136851877
0.119590844251231
1.60233814833171
15.8996402934922
6.237329426302
23.5982948456051
0.567390343882126
0.902706432701656
12.5572469955026
11.7118435221448
10.7757438985721
11.8853572511912
28.2398051555219
0.237211329036936
1.6922446413174
7.13461791855256
1.2630253231659
15.0990777279152
2.36471335623417
2.51482219190739
0.138648049665994
0.306479555660504
0.82296258261205
4.49120711023962
26.3393861244338
9.04568771854029
39.9899684510764
5.42131990851301
3.29088032938398
17.754351715857
71.719974670625
23.8776341080666
0.031824260354038
0.125360253906248
27.5984260058463
2.42477208290094
9.78327212533959
10.2225074768066
10.0990276171104
9.80285371188074
16.7876156110898
0.173021267367879
1.47646231422427
0.0701874805986761
34.8885188370702
37.3303398156702
20.9558196500318
9.13811865597358
8.37530806753784
1.18221290166524
6.36766904848971
6.54219871301801
36.5662178579104
4.13637739601133
9.57874542440334
15.6865697296202
11.7329664254188
70.591462490851
8.28638631155495
15.1537420588078
7.45071402750008
4.93199406321204
1.10223854089381
8.74579541494842
3.89057325654619
0.860949297243386
0.65013551688344
1.61690533999354
4.15420532194322e-07
3.30040492201444
2.59318104530726
13.7987127730263
5.52210413307088
0.000224963380396775
0.485821932703241
17.294734518534
9.62388538318279
0.148354740291816
0.906942342831147
7.67799991942041
16.5456883372367
0.373720583917234
2.00506567969915
16.6087888469756
0.0554167922079542
0.61530542144774
9.88664122070215
0.182825140768313
3.32015375099177
5.99838547096254
12.1279507877842
29.7381698822978
16.3793215486779
2.71169470254339
19.7657089988947
1.11344745218759
13.6261556644679
0.570235151201504
2.83020245529555
0.0813586486816497
1.11578010860831
2.722858532311
12.2722525280846
83.1351948554058
6.85863797725575
0.244780944591763
1.849370905532
11.2344440943001
4.27073606509126
0.100233457589154
5.06230224802501
0.100766721405103
0.524559988266259
6.18457762302297
2.90554746562394
0.998460065962361
1.96538699720048
44.6351868534087
1.25614240151797
159.07161516253
0.0137606760993659
4.74146903693813
7.47785806652738e-05
6.51097578263429
0.823901916146237
2.64889134693735
1.07389755106122
21.5229622304499
0.684915860129878
7.5940409973995
1.0698962863028
0.0250066040992715
0.14140978326798
14.1589875749364
1.14601833937173
1.18007166510226
10.751530393845
28.2037362347262
7.6177482429088
12.9789033724369
0.984949636673954
1.09210409078752
2.19354829843197
0.305397898508593
1.28279404178257
0.0498523361444514
16.8953913712501
3.79166751588727
0.428577362918848
2.25881966119411
0.227079240059876
24.7952573467033
0.612155337668991
0.630104951673789
5.74781309366388
0.0418610001564063
2.62874843062303
0.457515506798038
6.90221037097116
0.282323845662177
58.737404938602
1.63681913152343
6.65446010229575
12.6189553191722
0.000714217795432708
3.38139212858833
9.94192783538238
13.4751099685563
2.37562465525265
26.5076782187832
8.95581608057029
1.40595848143243
6.65971359587319
0.000767638994754747
28.4220313266295
6.82207593966873
43.1037770244834
18.7356036765633
1.48975553310068
40.9564844504368
10.3378655313984
0.493192438818482
25.4357569826381
0.700261697769203
1.67967548490167
0.114335119724274
25.6893309226571
5.76800082329672
13.2184437280892
47.7450802967685
2.33600924664145
0.106007792478816
0.861008196473101
9.02797825319911
1.7996818581596
2.39534188760665
3.97208500642925
0.928383530737451
0.806891659641295
15.8583325626268
2.74379085306071
3.277730793716
6.91063462257397
8.69891369963283
20.153852193123
0.185738693052534
2.74830990610131
16.9364801857231
0.481314468719081
29.3713851261513
1.93232737485313
4.17116300697481
17.0742169174089
7.54945387353901
9.95342420340179
0.32055612108709
7.2382411251606
10.3504839180946
5.25443132851268
21.5177863866465
2.39015298940099
3.59078442785732
11.7626809884326
0.0074533882379579
21.162875097656
2.65932804470661
13.2228555994168
10.047646279341
10.4899285504877
0.0704931020796311
2.54539978284986
0.0266799045562774
2.43136867576247
33.4872158637107
11.6872339253963
0.786817941679016
2.05041284137363
4.69076176310933
0.0786079502105585
5.80365858866121
4.7710515163078
54.2340730789323
4.68718271493917
4.16734944534908
0.22392350807786
21.3515065484582
9.04347033319458
14.2129552246629
18.7363645471632
1.37088309074046
226.535239342154
0.0267273803487428
1.86709939971572
6.50924405731122
16.5525909349693
15.9435264827968
39.21305066414
7.13431794796151
5.24042188540106
12.4694075795545
12.7661754731177
4.95400436068173
15.0792759904876
4.08901518717399
2.95196609956181
27.8826411769164
0.961824111522703
5.51448789347558
1.48340624647735
0.0637661136627278
0.888683658242247
0.229076515473436
9.41607281976353
3.93390325791977
2.63995457136782
10.8165028472008
0.238834801019755
15.7064468461288
38.708067782165
0.120722316837297
3.93840304269784
4.93822036568081
3.23424133062522
49.5260969853461
0.0166489374697214
1.70327033354195
0.451032262378955
3.48914307596685
0.00906633139252706
22.8642971978246
0.635311353243851
0.503952671898937
5.75989453173286
0.0439084603846111
2.44233712484834
0.932009698928862
0.371882600122712
1.72550288400646
5.26613415632387
6.10136433988945
38.0656463585853
11.1822559923308
4.86983391910188
7.72748376739184
2.46789832335106
0.487422831207482
3.59302853865769
3.545746005112
0.834294475652236
29.912473908736
23.1596157868445
2.02769673514968
4.42106063749779
9.377680093789
7.23112934512059
0.581242443180088
13.4975243473782
2.47501800352486
6.42280914545071
3.84197325125341
2.23569663248058
17.514786955191
7.29015820398339
119.913113394036
0.300184136962868
12.8249756039514
4.4713817939176
3.93708529367453
0.827968926085507
27.1907887360466
6.71396292600769
25.7495789681435
0.0883327450290309
0.106181150078766
8.30555531073201
5.43438211085759e-05
10.2915569200531
7.98887591078272
10.4973943369447
9.24629122018814
0.0342963995039505
10.4838645545259
0.53694617677328
3.55644256156839
26.3858795166016
10.1559699747623
2.21416361723095
0.0840051537096395
1.06707235504538
0.146459439492233
17.0750744187891
0.661567373158012
0.274892333245287
2.44658935690525
7.03333449798229
2.35614630192659
4.13652139250189
8.62238129988306
4.91973735485226
0.378544879616791
37.8620889673474
0.0288269992828323
1.52426030883787
0.150364452004441
9.91777094934129
1.30484884378916
0.524079141193622
6.79349353328341
0.0451380938664175
4.98278092876067
3.20008075342178
69.5401262513164
3.95261189275391
1.19893945465086
0.0844040095940378
2.77016852117185
2.49530461237431
0.619644941860444
17.7884286004678
2.36523147840648
0.0823974502101384
24.1900668186188
0.497693046593705
3.33055371131907
17.3808989186344
2.52142765054706
0.806128660225901
18.2562486078277
35.4595825615885
1.27424466802033
22.9196302825585
26.9435510034798
0.238465072990969
1.85111769402174
9.31707809461499
1.42724322226041
21.3542705256358
1.28561881214523
11.3797758389846
0.580274964904754
0.416193510712707
4.21507665610461
14.9237159027161
16.0074422714771
7.8273722764016
3.48678120761508
13.3880773259698
5.06955567934505
0.0566982835069234
13.6926107201591
0.123187974953671
0.12431219501645
0.0333499288618573
0.717728728486582
1.25466251373291
1.32783985197539
5.71118978235712
40.2295670361582
3.4968360842764
4.81284434993417
1.49764174295074
0.716370477676411
7.47925683064605
0.1012392457068
18.2629044969691
0.00452039552330634
22.8930709338248
2.38138546381003
2.53495219538209
130.163503920617
0.468688324929783
26.4518603303493
1.4318290069834
0.452796578528011
47.9918460702956
0.721352872683092
0.0207606870308551
35.2180816155431
3.46682398200632
33.2306930988373
72.4539070939435
21.9402585330965
9.34182810022821
27.1006668023111
0.340211320519474
5.53919093717487
1.41789021387104
0.0788449655115451
6.69792976105359
41.2602827190889
17.5398388745845
0.397537022978082
0.165008317472035
5.48913076076667
0.703538422113699
0.0582009735122356
24.7051470087114
2.60500860939023
0.246442192234099
10.7001341821253
1.61459646636398
1.93385826116206
24.1299098376648
25.7096657238022
0.100599392117563
12.6540518796504
0.096643417419489
1.0686390625
10.5101967453957
0.0298814607873496
9.83718965317151
16.5818759290934
1.77648027155405
0.433441888631889
0.325640753769843
0.500699625743913
16.2635569686947
0.400629349388168
3.51347841614636
7.5734677187935
6.08099826371817
13.8566699910537
0.0487179521098683
0.348849426364896
3.74132022912657
0.00483357625603739
1.68692913064954
8.85036352732171
0.433348668409881
0.0153760605469363
51.7682357912303
14.6764749522745
5.2713458198682
1.24498414235712
19.8324967026711
5.586869714035
3.70991707463413
4.49801859916587
0.696263124942799
1.58705556426194
3.37910292470607
7.00406046030508
0.204252800083142
7.02033927755949
11.5444661594391
38.3154652858318
6.88768372458378
0.43579338083266
0.287362480407943
17.529237407507
3.22587821431316
9.70006158599848
0.405734164810192
13.1518493196727
51.0216712251317
3.5208316993252
2.72399068251252
12.3546071366311
4.93849163535987
0.208809505285337
78.2053936600744
7.53012688268571
7.60364467859281
0.234917239403727
4.8059322312414
12.2221508558409
6.86366442400374
0.27669757463934
1.5549438498035
0.0486032402575026
2.38434011087418
8.90520455260424
0.0767524007096748
25.2653733687458
2.83751804227983
4.53289673309911
3.03588935757283
98.9557434368504
0.198218431001924
1.43146678079515
0.0916761896669782
3.88854616965199
10.148867730798
6.7655807411687
0.411409807242482
3.54110434820655
2.26885525560971
4.54701481103892
20.063324061276
41.2478633753076
15.7455413167493
2.45662382884177
0.00566535532474689
6.30573282587669
0.70592816314695
13.8708963990211
0.300152034854899
25.4536139041918
0.156155215145642
2.90374579832553
62.5423796945809
0.58827701568607
0.148545693291731
26.7690027260779
5.32061913017173
11.6712644951105
7.72506788853562
0.0178792676985227
0.282360169006858
0.0415946863234154
9.13352136637113
0.491174775554243
2.08200028721246
12.1682764059307
0.00146069151311974
54.2408155785147
1.03540810187012
9.84742246359753
0.168537711323783
43.3465838204039
0.45670174623875
25.8029894681586
3.21960203039789
27.4253583961265
1.56962480280394
6.32136958181864
0.904899786526017
33.9751803886655
33.427142471695
16.6925012104525
0.095650210155534
13.694390488678
0.168746249808364
0.43518598709254
2.50974904785153
2.63982763588586
19.3417425876854
22.8045654778542
3.06090230804076
3.46278852730399
47.4056791577397
12.1560840179681
8.92391636386507
32.9850271267948
7.79029972029314
0.842906444443725
0.108507190799712
33.6785974908249
0.707933664657156
20.6088623467698
1.29402289081211
0.0108160507813148
5.05893556416171
11.5798556867852
38.7086601712764
0.991390680605209
13.0430045506375
11.9590084396021
0.65329489920136
1.10782306008931
15.3549751712384
0.472837541794789
48.5816827668253
0.952475447966207
15.746703857304
0.985111981989452
0.0741525020837635
1.60734234467146
30.9475584417713
13.5227403433456
24.5300493654027
2.10084358809002
61.9788509732025
0.0033367828145618
0.00307042069584358
8.80856315446511
0.0911528382316259
29.8132929439558
8.29864038556979
11.6222647703305
0.0254408730506948
3.02868334884788
0.105868731750564
16.9917856994627
0.902328377300535
0.7838019983187
0.919580794721885
8.96028073614982
52.8671179238336
3.50614653406134
0.103837824588998
12.0182066010475
2.14159929686183
3.39463531709308
0.127372835113102
2.9970363647119
7.43733860015857
11.0283988628625
2.10989455182702
5.47965118850625
1.12728558573872
6.71015521110432
0.0600501246988751
5.58051227334876
30.7683639550208
4.75838943475637
9.23370481195453
21.7917557144166
3.90049481309809
29.1435491958616
92.9406618526043
0.0921076560631367
2.05972251539824
1.80806628916258
4.7809434630289
15.7018899573384
0.0183785814776961
0.0190286398172391
0.939134178882789
9.3221536803305
0.355866426378475
28.5914089604037
19.5006333772898
3.65932334054858
1.9652261353493
40.0269994362835
1.36655871679781
13.2856512477457
0.901832154846196
17.2850904552698
3.35996686715031
29.3526129227223
0.368746335841688
11.6000942755282
37.3339795646725
3.63181141112
0.858251157528208
6.32561797485353
10.8786592041016
391.31856999165
10.1312900634765
17.4431440927743
2.57147376495005
62.5827003633734
1.40787842302922
20.4148654541013
1.00496219530697
8.84191132545485
2.77819554522032
1.25864460024978
20.7449780659733
242.531271187311
8.40216417957692
22.6043950404538
7.00895246300852
12.7487090980426
6.88983675350101
18.735878433609
25.1378604312
0.496228407813605
2.40916856146006
1.36593661528223
0.209586696662019
1.27286708099993
0.181689062499984
0.00240629050880782
20.3591310119631
0.992827847672958
0.439056684030574
13.1422003645955
10.6030845643581
0.636902195191423
0.6989588646948
0.323486282421651
0.01357628911882
8.94141401312343
28.9231649801747
17.2669770426884
19.0062471205132
9.96230705648792
0.434450271373999
4.20809231330306
0.103942484141876
1.18725657063868
2.5203384127155
12.5159704525484
8.76598707246939
0.458784633690156
0.0611113162994452
0.242389146222165
2.55164354926498
4.25514001254002
0.262359794391666
10.5393754635094
6.50690223409082
7.76191026995187
0.282605412697782
0.267284708513317
0.935730314022276
1.3920485573351
2.9352908135951
1.36485826120376
5.03039955855768
4.76408955246347
0.0311669888034455
2.04636307898909
0.000215328396856651
0.720418005967171
0.871560821914639
63.1549758560675
4.8324028858915
0.143492251420035
4.93074710555217
2.4820902431622
0.92497339382772
10.8422122092308
10.1390780211984
0.151743153883506
11.8005668350221
3.59326918596176
0.00151246172338583
0.00469941044449931
0.165617800785609
11.6476891025545
2.88727383656654
5.27556747457975
47.9418131894606
1.69245108339781
14.5458343273537
1.86007709975388
3.06626091957084
10.7005015458106
0.512230963134772
27.0645329057934
1.91910086900137
0.890972835594424
3.7331126761496
0.25330307514819
0.0153884751856389
8.49945267284069
0.0483892584085484
4.78135985362686
3.60363854715828
5.95021093166026
3.6144266491472
4.38418778372396
1.5452019510508
0.672686309768282
45.9655033171188
0.140301090055701
0.32088103623542
1.14358377695081
30.1639894486962
19.0428360967175
4.30664062496419e-05
18.6593204395533
24.5132084451255
2.2086923286677
64.9398511454839
2.2067370877281
12.8138479786157
0.524582975448678
13.4997219586432
0.569116634143851
8.82778251875787
17.4215647152677
1.80953400796802
16.598373167397
18.5038600182531
0.311032231003071
3.31776085868478
24.9887097710744
36.0804208397405
13.4761226965489
4.14509618014235
1.02670920584206
21.0998474979402
84.349963737512
0.00141275775581735
0.643824054636043
2.7326325792805
45.3192914898459
7.43938942930691
0.00294444010257746
0.031559140831224
2.78475100713371
30.7739978074075
16.1741038805245
0.0160613542795239
5.62113045934593
1.87081419421586
7.49827779799112
0.373772823148944
3.57127870932226
0.890617981553078
1.29820598925504
1.29846470117564
0.63798011187464
0.100236549377449
0.0289581346750275
0.0361988713160097
1.05626805517669
3.84398816400918
0.43214092767387
32.0657587547839
1.38094056978827
21.6694341327907
28.0703872137307
2.70952818384173
1.64739669174098
9.01948563319583
10.5570575860084
38.4261360159162
0.0549493803992899
1.53430196571951
1.83258287701756
10.1932176173107
24.5669672752037
4.28229773408325
1.101187890625
10.6665231711922
23.6841553285736
2.45665444147742
1.10668242588637
0.281785755753529
9.9849365344583
3.74155162482852
2.72881200390457
4.45153851868053
1.16204820730682
10.3936738302843
3.2864086581603
5.39696081097269
6.12114229989635
9.12481698973333
0.544853744798875
0.888952955795829
0.00469991254955312
17.6348836718218
32.0662841017007
0.713855844980463
0.125922750240563
4.5173216315046
1.99509072929762
21.6562529079676
15.4317292494909
1.57367101865412
9.91721737809343
1.22842262106539
1.81928791556513
60.0712417731347
3.24743101373315
2.26280258399403
0.0612326865926317
20.2785855203879
2.54961212182644
17.5072881503835
8.33967254620179
66.7210977686945
3.61555462528617
3.12849815372374
0.0736428005456974
6.90556534066784
7.55549905754466
5.4279728179112
0.7906036126629
1.70528464797881
1.07009074230343
0.00792995467782021
1.45767008782768
2.30073941660516
1.33769893718356
2.09723925681256
0.0633365207254978
0.0155640244483948
17.7942365574854
5.24223842207348
44.0134253134863
0.243640815390626
8.50773249437805
5.06149480087902
31.4285608694313
0.635212113285072
34.7636767982973
9.46320891752839
178.150672765756
3.3622182443679
37.6682169831335
34.3889040616882
0.810353798390958
2.50642004424485
6.78265469103447
1.997277632691
0.0499226799145402
0.688857446946185
21.0031997654198
2.7232694635406
1.04462273312206
40.4325217249157
2.59153794551043
19.2925549364328
1.55770327199847
6.13691755316251
6.91837688546762
0.0164466848433041
0.0228876417219584
5.29804969079653
0.102768299318843
1.32722100257876
1.17320471997407
16.273404186493
124.978671031309
1.89899300351736
2.58766417963657
0.128936398530011
24.0650728043333
52.4898834961891
26.2440833981094
3.23307353003177
7.17465521392836
1.81889936317355
1.54985175044692
33.2888994365931
0.189582004165638
42.4009231138289
4.29544346517475
4.16372693184772
18.1884965498509
13.5575429026501
0.386402160860598
0.685524165368114
0.899186396747849
11.7217715075625
0.667444321060207
6.35475045186439
54.199090731455
11.1416279128135
0.565000330948854
9.99405725870145
0.0509887492075593
7.12874355554575
2.09856531915657
1.74452760221959
0.969758527761738
40.4458269434585
4.32408976161632
0.0920046930372591
3.67455952301019
61.5046339295639
4.049478238827
39.3310722411289
10.8349462215961
4.17298815132518
30.1126696472181
14.4929850392879
8.91259362663188
3.05357706561689
0.625134217166908
617.797846360451
1.35309546772388
18.6543746910826
0.19889509429931
0.646053308701519
4.98057402763516
2.95639311390518
1.61422422188665
22.4958915178538
8.67957627329962
0.689295198263239
71.7609597516595
0.0226757569327896
0.355602865041771
8.27301068232061
1.1355072103158
0.305840593101104
2.82816974259024
4.23902960039535
8.72021188378929
0.804358490204827
0.219661336018164
9.67815238696474
0.899195657068521
0.0304841710627
13.748851198411
0.95694344773893
3.29757136942288
0.00354571402072636
3.24896664440791
3.87570740213391
18.0725453415872
0.117756547027837
1.0948970641509
20.6585895926131
0.654708551025387
16.9615274414065
1.9982576435223
4.75436944227803
4.49394454278954
5.23150586157448
3.44407356310046
11.4698142815172
12.8842263165056
0.489292735868654
2.92594137866645
0.0172919931650234
11.7972207760348
53.76129575091
4.87799419462681
3.26174975782772
19.4519223313466
3.43394106418033
0.562796669966003
9.13378698885606
2.4422722630635
4.02013269115099
17.569830662161
0.251846659332525
0.76109010916357
3.16268363535408
3.81632822299596
9.89649264993665
3.76241127551953
3.89081885401164
2.4485373041392
5.94576908065234
0.149029739214499
5.0372574967162
16.229341388346
93.6955466096941
0.546570698982457
1.99875809385781
28.3258227151769
0.0654240478515544
0.655216337777637
0.463906987561267
122.50633640839
1.0894166107193
20.9627270823254
10.8195783287658
0.0366901117935733
1.04717197030937
45.1593515675125
17.6260779433308
0.866978762210897
50.5626023764743
5.42750641268649
0.43198847394582
15.2927396586002
7.49230233192456
13.8375099752484
0.152035260796565
12.7775965539353
1.99578047484301
5.40699874449363
9.35151630335439
0.499392730146663
39.3083384624062
0.269936819614463
0.988640840584003
0.0016514818087235
6.0164029386177
7.21890368578421
3.11462175772189
3.47129389826213
12.1157531304896
27.2356191260233
0.0268380546808258
4.85080191865563
32.6455580681932
0.000495921148360687
6.06066623491207
0.01661713600307
15.6097913789987
12.6733479504719
7.26594663164608
8.66284703073487
4.79356600862157
0.292569799138579
2.4110674388469
5.17953589477531
13.8840475423872
4.61053997270402e-06
0.831360184913849
37.5551578090327
35.5987172982708
1.31870121818179
0.209980308665348
0.672630244316131
8.13436077203766
0.677522708183523
14.3286646546363
4.39001220150139
5.08407812025559
20.2077356988204
5.90885178399694
18.2738820606007
3.94830289078345
21.4192472391663
0.0334628239646471
7.92551022056497
1.39376586213703
0.310785834075528
15.2553178854226
5.39222029556186
6.06276403084392
0.574274234785177
1.23143885824685
12.5380481925548
1.29458950667974
7.13839417457593
0.574561039066318
11.5701956064463
3.17715829029675
1.21788952769185
9.88300288456837
1.78934710357335
0.130954399110397
7.390851535751
0.225181065751625
0.581326205147841
6.89565032997122
9.27786910906434
20.1549701505898
1.16209821195746
41.2486003296438
20.4536908138334
13.5223632762209
0.628634892739338
1.32109656393523
0.902511596716984
0.455760141855466
29.5972923026618
0.550083326639245
0.139887139870242
0.689800000786744
12.4482517463923
25.3405931193365
46.7126361844671
0.204904311424516
1.57517513785517
10.5579698461905
5.95725222009562
17.7410221524296
0.275930138117096
1.64342572314891
13.2575725856797
10.4066963813917
0.954850082172493
47.7864197213191
22.8215670624015
19.1760707773104
5.58241566453134
3.48622049535657
2.54496355090287
30.1387194738162
0.116232552410673
10.4760321831702
0.150791717053937
22.2483339789452
0.0089907064676233
1.57626921535135
0.0428356592416754
0.0508851600423548
0.600379053503275
10.1440228281556
14.2432160511253
5.3795909915924
4.63710380136972
19.868522712803
2.3131966590772e-05
0.0120750373020753
8.77866298685069
